134

2
5
3
9 8 7 2 9 3 8 6 

2
7
5
0 0 13 12 13 7 0 0 

2
11
3
13 14 7 1 18 7 6 0 

2
11
7
2 12 21 4 3 4 11 8 

2
11
9
12 20 17 21 9 15 4 7 

2
13
5
3 19 5 16 0 0 3 16 

2
13
7
22 16 7 14 16 12 24 2 

2
13
11
8 14 6 25 0 13 2 6 

3
5
3
7 5 0 3 3 3 1 5 

3
5
5
8 1 14 7 9 10 14 10 

3
5
7
2 14 10 2 1 11 14 10 

3
7
5
13 3 8 20 15 0 3 11 

3
7
7
20 12 12 15 1 20 6 3 

3
7
11
19 10 20 5 18 7 16 5 

3
11
3
17 14 7 9 23 24 2 20 

3
11
7
5 5 31 11 3 2 28 25 

3
11
9
11 8 31 19 32 20 11 31 

3
11
11
30 20 19 18 19 2 1 25 

3
11
13
14 2 13 17 19 8 1 18 

3
11
17
19 31 27 26 0 26 9 10 

3
11
19
2 5 2 26 23 14 18 30 

3
13
5
6 32 34 38 34 38 3 1 

3
13
7
33 5 22 7 34 24 23 9 

3
13
11
1 17 6 24 1 9 14 1 

3
13
13
0 2 31 3 32 36 0 36 

3
13
17
38 29 29 17 17 5 13 18 

3
13
19
13 35 28 33 12 10 24 11 

3
13
23
16 7 30 13 18 32 14 4 

5
7
5
17 27 24 31 21 13 11 25 

5
7
7
16 10 22 17 5 33 18 18 

5
7
11
10 18 13 26 31 5 31 3 

5
7
13
21 22 34 10 28 11 18 5 

5
7
17
33 32 8 1 27 19 2 21 

5
7
19
11 3 1 16 6 12 27 33 

5
7
23
3 2 20 9 7 16 7 14 

5
11
3
31 38 43 51 37 15 27 44 

5
11
7
39 21 25 2 10 14 9 22 

5
11
9
47 17 24 5 1 24 39 48 

5
11
11
23 35 54 10 37 38 38 6 

5
11
13
51 9 12 32 46 20 21 5 

5
11
17
31 18 15 33 13 22 11 32 

5
11
19
39 3 18 15 49 33 31 21 

5
11
21
44 2 19 37 17 33 44 23 

5
11
23
53 1 3 22 9 17 45 35 

5
11
27
4 10 41 8 43 49 31 44 

5
11
29
27 5 4 41 27 2 14 8 

5
11
31
18 10 1 24 32 45 34 25 

5
11
33
33 22 45 42 7 30 10 31 

5
11
37
33 53 43 2 17 11 46 31 

5
11
39
43 32 43 46 48 39 15 54 

5
13
5
44 36 13 33 3 20 43 43 

5
13
7
13 51 37 59 47 62 31 61 

5
13
11
57 41 9 60 7 38 59 35 

5
13
13
45 51 56 8 52 61 7 32 

5
13
17
19 43 2 7 8 57 16 60 

5
13
19
17 26 16 23 49 28 7 19 

5
13
23
31 19 1 4 58 35 46 24 

5
13
25
44 32 29 31 31 37 63 20 

5
13
29
17 2 60 5 25 28 32 48 

5
13
31
59 47 0 60 7 61 1 14 

5
13
35
3 33 32 16 37 46 61 58 

5
13
37
8 45 3 41 19 4 64 16 

5
13
41
56 24 43 16 19 27 0 30 

5
13
43
6 63 43 11 2 47 55 62 

5
13
47
15 35 24 52 21 58 45 46 

7
11
7
66 22 62 25 23 71 5 17 

7
11
11
33 26 33 68 8 62 39 74 

7
11
13
72 48 23 44 25 44 50 64 

7
11
17
2 45 33 29 32 37 72 68 

7
11
19
52 8 28 40 49 3 9 38 

7
11
23
14 5 58 29 28 20 5 4 

7
11
29
19 3 9 59 17 33 24 32 

7
11
31
2 50 45 65 26 61 40 21 

7
11
37
42 17 61 56 56 54 37 68 

7
11
41
55 62 69 72 65 70 10 28 

7
11
43
73 9 76 50 48 4 15 48 

7
11
47
66 30 71 29 67 37 1 7 

7
11
49
42 19 36 47 36 22 43 64 

7
11
53
59 66 66 53 31 50 33 6 

7
11
59
72 7 42 64 11 43 73 38 

7
13
5
40 6 51 16 5 16 79 71 

7
13
7
65 68 5 1 46 27 23 80 

7
13
11
45 27 45 85 14 55 43 25 

7
13
13
81 55 1 48 83 13 30 21 

7
13
17
75 49 23 72 65 67 9 58 

7
13
19
54 2 68 73 27 1 55 79 

7
13
23
10 74 23 54 7 61 16 86 

7
13
25
21 75 30 13 52 60 89 69 

7
13
29
51 32 9 64 86 15 66 89 

7
13
31
85 58 53 84 36 85 15 27 

7
13
35
68 75 56 19 41 37 36 23 

7
13
37
71 73 72 32 5 70 10 31 

7
13
41
11 45 67 31 30 69 64 87 

7
13
43
43 24 39 79 18 54 69 56 

7
13
47
62 27 60 26 4 71 49 61 

7
13
49
86 37 35 0 16 8 31 52 

7
13
53
7 90 57 86 3 28 1 58 

7
13
55
31 3 55 42 1 19 61 19 

7
13
59
4 14 15 2 27 71 56 29 

7
13
61
51 47 23 30 56 17 82 82 

7
13
65
74 72 14 66 23 71 74 66 

7
13
67
58 85 59 36 11 16 69 0 

7
13
71
63 84 2 70 4 54 36 16 

11
13
7
37 107 91 70 70 45 90 54 

11
13
11
47 22 59 116 41 2 117 46 

11
13
13
118 137 142 18 114 108 109 135 

11
13
17
71 58 130 118 124 24 134 45 

11
13
19
114 78 132 34 6 90 98 92 

11
13
23
7 56 91 108 49 9 51 93 

11
13
29
30 26 65 120 140 63 40 120 

11
13
31
54 43 49 48 106 23 116 140 

11
13
37
62 38 57 84 76 50 9 118 

11
13
41
8 134 52 53 39 25 68 77 

11
13
43
53 100 109 111 73 15 11 95 

11
13
47
137 53 65 59 71 53 39 96 

11
13
49
52 135 68 129 5 65 132 80 

11
13
53
142 6 74 27 113 64 45 140 

11
13
59
4 121 12 87 4 87 119 117 

11
13
61
135 35 4 29 50 121 1 0 

11
13
67
106 124 14 125 18 3 84 87 

11
13
71
112 71 134 108 51 1 10 121 

11
13
73
65 55 65 115 33 74 11 38 

11
13
77
128 62 101 63 111 50 138 42 

11
13
79
105 100 121 113 141 28 124 9 

11
13
83
136 86 119 0 106 71 121 15 

11
13
89
92 51 18 56 95 57 72 10 

11
13
91
51 55 116 140 62 22 33 117 

11
13
97
98 88 23 126 89 31 32 115 

11
13
101
95 91 59 132 26 134 48 126 

11
13
103
87 10 79 70 86 79 26 121 

11
13
107
102 92 79 11 4 107 50 101 

11
13
109
9 57 55 113 49 87 7 36 

11
13
113
33 41 9 20 9 73 14 19 

11
13
119
24 114 30 117 11 142 62 64 

