9 2 3 8 9 7 2 6 
0 0 13 10 13 7 0 0 
7 20 17 1 6 17 8 0 
8 12 21 20 5 20 11 6 
12 16 13 21 5 3 14 19 
9 15 5 22 0 0 9 22 
22 16 19 14 16 12 2 24 
18 14 24 25 0 13 20 24 
13 5 0 12 12 12 1 5 
8 1 14 7 9 10 14 10 
8 14 10 8 1 11 14 10 
13 12 8 20 15 0 12 2 
20 12 12 15 1 20 6 3 
10 19 20 17 9 7 4 17 
8 20 28 15 23 18 29 26 
26 26 25 11 27 8 7 16 
11 29 16 7 32 5 11 16 
30 20 19 18 19 2 1 25 
20 29 7 8 13 2 1 6 
28 25 15 20 0 20 3 10 
17 20 17 14 23 26 30 18 
15 2 34 38 34 38 9 1 
6 8 22 19 31 15 23 9 
1 23 24 6 1 3 14 1 
0 2 31 3 32 36 0 36 
38 35 35 23 23 5 13 18 
13 35 37 6 12 10 15 2 
22 28 36 13 21 11 14 10 
12 27 19 26 21 13 16 30 
16 10 8 3 5 12 32 32 
5 2 27 31 26 10 26 12 
21 22 34 10 28 11 18 5 
3 2 8 1 27 24 32 21 
11 17 1 16 6 33 13 12 
12 18 20 4 28 11 28 14 
26 47 32 6 38 5 3 44 
29 21 5 8 10 49 14 33 
37 2 39 20 1 39 24 3 
12 35 54 10 48 27 27 6 
6 4 12 32 51 15 21 25 
36 13 20 33 8 22 11 32 
24 37 52 25 9 22 16 21 
44 2 19 37 17 33 44 23 
37 1 42 33 4 8 45 40 
9 10 6 17 32 4 36 44 
42 20 14 51 42 17 4 18 
7 10 1 24 43 45 34 25 
33 22 45 37 17 35 10 26 
33 3 43 52 7 11 41 36 
32 43 32 6 47 24 25 54 
44 56 13 63 48 50 23 23 
52 51 28 19 18 23 21 61 
8 46 29 5 28 12 54 55 
45 51 56 8 52 61 7 32 
54 23 32 37 8 57 61 60 
43 26 16 62 49 37 58 59 
21 24 1 49 37 55 41 19 
44 32 29 31 31 37 63 20 
62 32 60 5 25 58 2 3 
19 18 0 5 58 61 1 14 
22 2 63 61 58 41 16 37 
8 45 3 41 19 4 64 16 
36 59 23 61 54 27 0 10 
46 2 17 41 63 18 55 23 
20 55 19 13 31 37 50 41 
66 22 13 60 23 15 26 73 
66 59 66 24 8 62 72 30 
30 27 23 44 53 44 8 15 
74 12 66 57 65 53 18 52 
73 29 35 19 42 59 16 31 
42 3 53 50 63 48 3 16 
73 26 60 47 68 66 61 65 
2 50 45 65 26 61 40 21 
14 73 40 56 56 54 9 19 
55 62 69 39 32 70 54 28 
17 37 76 8 27 60 71 27 
33 39 15 57 23 53 1 35 
49 40 15 26 15 22 43 71 
5 33 33 37 26 8 66 41 
46 63 49 71 44 43 19 75 
66 41 25 74 31 74 53 15 
65 68 47 1 32 27 23 24 
89 27 89 15 14 48 36 51 
81 55 1 48 83 13 30 21 
17 56 4 11 39 58 81 67 
89 37 68 31 27 1 55 79 
82 16 4 59 28 3 74 18 
21 75 30 13 52 60 89 69 
25 2 81 64 60 71 40 59 
71 72 53 7 36 71 50 27 
87 17 49 24 20 32 43 4 
71 73 72 32 5 70 10 31 
72 54 58 5 88 62 64 68 
43 80 39 79 60 89 69 56 
69 27 44 52 23 50 56 3 
86 37 35 0 16 8 31 52 
63 90 57 60 61 84 1 67 
73 3 55 42 1 33 61 33 
23 14 85 46 27 50 49 22 
51 47 23 30 56 17 82 82 
16 11 14 40 4 15 16 40 
72 71 45 36 67 16 69 0 
84 63 46 21 23 59 43 74 
119 94 104 86 86 111 129 76 
135 55 15 116 85 46 117 2 
79 124 142 83 49 4 109 31 
15 93 91 105 115 85 140 67 
36 78 11 122 46 116 32 14 
28 23 130 114 69 81 116 124 
62 91 65 87 95 7 118 87 
76 43 49 48 128 23 116 140 
101 103 96 123 76 128 113 105 
8 101 52 53 39 25 35 77 
92 100 21 45 83 115 132 17 
15 14 65 119 37 14 117 138 
117 70 94 51 31 65 132 15 
142 41 68 14 42 103 67 134 
36 88 12 120 36 120 137 52 
135 35 4 29 50 121 1 0 
24 71 27 31 112 16 46 87 
57 115 101 75 51 1 43 88 
65 55 65 102 33 35 11 25 
46 134 30 72 89 7 73 113 
79 100 121 48 93 24 136 126 
115 70 59 0 72 102 88 137 
14 129 96 23 140 83 24 43 
51 55 116 140 62 22 110 117 
98 88 23 48 89 135 32 37 
62 91 37 110 26 101 81 16 
87 10 40 60 70 40 104 121 
71 53 118 110 75 61 84 30 
126 83 55 48 75 87 85 114 
11 123 81 37 81 138 53 2 
6 69 62 52 110 142 30 38 
